9 10 71 3 125
000 000 000 000 000 000 AAA 000 000 000
000 000 000 000 714 AAA 000 000 974 000
AAA 000 000 AAA 000 886 AAA 000 000 000
000 115 000 000 000 000 500 000 000 000
000 000 000 000 000 000 000 000 000 000
000 000 000 000 000 757 000 000 000 ***
000 000 000 000 000 000 000 000 AAA 000
000 095 000 000 000 000 000 000 000 000
000 AAA 000 000 000 000 *** 000 000 741
///
000 936 367 337 000 000 AAA 000 000 000
000 000 000 *** 000 AAA 932 000 000 000
AAA 618 154 AAA 000 000 AAA 155 000 000
000 000 000 000 000 000 000 000 000 000
000 000 000 000 000 073 770 000 *** 000
000 000 000 000 000 000 000 000 000 000
000 000 000 000 000 000 000 000 AAA 000
000 *** 000 *** 000 000 000 000 000 000
000 AAA 562 000 000 067 000 000 000 000
