10 9 105 5 74
605 072 571 293 000 *** AAA 000 000
309 *** 735 767 385 980 000 704 850
000 *** 328 850 808 000 000 000 000
832 710 023 578 914 *** AAA *** 000
*** *** 000 633 881 AAA 000 000 000
620 444 000 000 AAA 581 AAA 000 AAA
000 472 *** AAA 000 350 000 000 000
488 *** 000 000 649 000 000 761 ***
939 *** 000 AAA 000 AAA 522 000 054
400 169 950 000 000 000 000 AAA 000
///
*** 887 810 070 000 *** AAA 483 321
827 *** 785 000 000 000 000 *** 544
*** 998 654 000 *** 763 *** 000 000
000 000 000 356 *** 587 AAA 647 428
000 096 728 300 000 AAA 357 491 000
000 887 000 125 AAA 000 AAA 000 AAA
000 504 154 AAA 000 208 614 000 000
277 000 000 548 000 148 000 929 000
000 943 *** AAA 189 AAA 000 000 701
569 000 540 928 213 295 *** AAA 403
